1.1211 -1.0842
-0.1766 -0.4991
0.3481 -0.615
-1.9949 1.9815
0.9512 -0.9491
0.1841 -0.1018
-1.3389 0.8618
0.742 -1.2656
0.6963 -1.0838
-0.7395 0.9607
1.6464 -1.8123
0.4658 -0.5086
2.8298 -3.0158
0.2467 -0.0828
0.4016 -0.4756
0.2559 0.0996
-2.201 2.2652
0.1325 0.0848
-1.2135 1.1048
0.7487 -0.0827
0.4239 -0.4181
-0.274 -0.063
2.0342 -1.9571
0.9828 -0.9874
2.9384 -2.682
-1.3147 1.7116
0.4053 -0.1355
-0.5444 0.1857
-1.2749 0.9926
-0.0674 0.0135
0.4455 -0.3197
-0.4873 0.6795
-0.7124 0.7606
0.5338 0.2366
1.3755 -1.4879
-0.4511 -0.292
1.4767 -1.3171
0.4718 -0.6542
0.1651 -0.1432
0.0561 -0.2726
-0.3288 0.6781
2.3108 -2.2511
0.5311 -0.3644
2.3367 -2.0824
0.4955 0.2918
-0.3343 0.1216
1.9507 -1.9723
-2.1011 1.8759
-0.3873 0.3545
6.0E-4 0.0756
-1.5509 2.1209
-0.7883 0.5848
0.785 -1.2784
1.246 -0.8831
-2.1017 1.5499
-0.2269 0.3283
-0.0267 0.4306
-0.3181 0.3481
0.1043 0.1257
-1.3913 0.8759
1.0832 -0.6989
0.3643 -0.2134
-0.5659 1.1957
0.2239 0.5456
1.0867 -1.374
0.8654 -0.8352
0.1062 0.0863
1.093 -1.0721
1.4069 -1.366
1.4692 -1.0785
-1.3947 1.2779
0.1774 0.3613
-1.3808 0.8957
0.4233 -0.0871
0.8113 -1.2926
-0.2442 -0.0153
2.4735 -2.228
0.3684 -0.669
0.0406 0.1322
-1.7189 1.8326
-0.9071 0.2705
-2.2456 1.7127
-3.0549 3.0055
-1.3551 1.2897
0.1202 0.1033
0.0735 -0.2785
2.3442 -2.1671
-0.1005 0.3858
0.9881 -0.6758
-0.0946 1.3396
-0.0566 -0.3662
-1.5097 1.5619
1.8238 -1.6993
0.4305 -0.2066
0.1242 -0.3658
0.2895 -0.4687
0.7417 -0.5125
-0.479 0.162
-2.6636 2.8775
0.7013 -0.7499
1.4543 -1.8321
-1.0973 1.1827
-0.7761 0.8208
-0.7811 0.7322
1.7417 -1.5692
1.7364 -2.1398
2.2011 -1.3691
-0.1366 0.3936
1.3821 -1.4952
-0.234 -0.3535
-1.929 1.9069
-0.0555 -0.5731
0.6726 -1.0186
1.6183 -1.171
2.2447 -2.1041
2.8554 -1.8256
0.1712 0.3719
-1.5876 1.1631
-2.0565 2.31
0.6499 -1.168
-0.6088 1.1762
-2.9167 2.8445
1.3049 -1.476
0.2136 -0.6278
1.4223 -0.7994
-1.2804 1.1531
-0.8861 0.6263
3.3951 -2.592
-0.2749 -0.412
0.6127 -1.176
0.1543 -0.6882
0.1254 0.0689
0.8268 -1.2298
0.7387 -0.7074
0.4811 -0.3523
-0.5388 0.4509
0.5627 -0.7135
-2.0135 1.834
0.7428 -0.11
-1.8902 1.5877
-0.5934 -0.0491
0.7859 -0.0108
-0.2535 -0.0737
0.9238 -1.0671
-1.6955 1.2862
3.2033 -1.9528
1.123 -0.8784
1.8187 -2.3053
-0.7797 1.3028
-0.1594 0.3873
0.2448 -0.4916
-0.2553 0.6728
0.1011 0.8053
1.408 -1.8389
-0.9815 1.5706
-0.4925 0.7608
0.6495 -0.3997
1.5011 -0.7556
-2.6661 2.5172
-1.7926 2.3079
0.2853 -0.7303
0.0545 0.2909
0.8008 -0.5687
-0.6509 0.9437
-0.0455 -0.1985
0.4659 -0.6686
-0.0178 0.4018
-1.3825 0.1848
1.5763 -0.9695
-1.388 1.0392
-1.2039 1.612
1.2508 -0.9857
-0.7432 -0.1607
0.2883 -0.515
1.0633 -1.1542
1.9004 -1.7599
0.4188 -0.8243
0.9266 -0.5343
1.3733 -1.4771
1.1934 -1.1578
0.3488 -0.2613
1.9948 -1.858
0.4076 0.5301
0.0528 0.4407
-0.3133 -0.2093
1.0269 -0.7497
1.0316 -0.529
-0.514 1.3887
-1.2402 1.1932
-1.1688 1.4558
1.0853 -0.8933
-0.3056 0.2237
0.1372 -0.0014
-0.6676 0.6022
-0.2861 0.4548
1.9747 -1.6251
1.4313 -1.227
-0.9964 1.0354
0.8974 -1.1089
0.2283 -0.3143
-1.2682 1.4778
-1.9126 1.5368
0.5743 -0.8852
2.9629 -2.8253
1.0185 -0.1833
-1.1331 1.1755
-0.1955 0.1155
-0.6997 1.5711
-0.368 0.2165
-0.1697 0.1012
-1.0553 1.2654
1.0909 -0.4239
-3.0699 3.0156
-1.7324 2.6456
-0.975 1.1026
0.2456 0.3984
1.5422 -1.6974
-0.4818 1.0197
-2.0043 1.5394
0.7543 -0.8771
-0.3123 0.3919
-0.2495 0.0388
0.6443 -0.5601
1.0472 -0.6504
2.0408 -1.9826
0.7502 -0.9275
-1.1401 0.933
2.5791 -2.5663
-1.9147 1.6925
2.0744 -2.321
-0.2122 -0.4888
-0.3311 -0.4547
-0.792 0.434
0.3198 0.5279
1.211 -1.2613
-0.9819 0.9781
-0.1051 0.2113
-0.8953 0.8888
0.2137 -0.4029
0.1071 -0.6536
1.2609 -0.8802
2.0769 -2.2182
-0.411 0.9524
-1.0428 0.9992
0.5913 -0.777
0.5746 -1.2559
-0.4241 0.8907
2.2676 -1.8542
-1.3272 1.0546
0.0757 -0.4102
1.6354 1.5163
1.143 0.5451
0.9339 1.1943
2.1472 1.6154
-1.1693 -0.8976
-1.1045 -0.9789
1.4527 1.4482
1.4175 1.658
-2.0004 -1.1188
-0.4299 -0.1951
0.0826 -0.1563
-1.2516 -1.1359
-1.6395 -2.0747
0.7548 1.0192
-0.4176 0.4152
-0.8222 -0.4905
-2.9805 -2.9903
-0.9932 -1.3263
1.2754 1.2885
0.9332 0.6705
1.9504 1.3074
-1.1735 -1.6631
-0.2026 -0.008
-0.2158 -0.1507
1.9004 2.4863
-1.6209 -0.7427
-0.0979 -0.089
0.6903 0.6579
1.7149 2.1858
-1.0606 -0.7
-1.413 -1.0989
1.5295 1.5315
0.2967 0.656
-0.1023 0.4979
-0.4521 -0.5064
1.4149 1.5443
-1.0718 -1.8478
-2.1695 -2.4804
2.4813 2.3868
0.061 -0.2363
0.8598 0.7217
-0.499 -0.9521
-0.6899 -0.9323
-1.2483 -0.7227
1.3329 1.8263
-0.0925 -1.0672
-0.0283 -0.1802
-1.3091 -0.9658
0.3498 0.131
-0.3225 -0.4213
0.1816 1.2359
-0.6147 -0.8271
1.7659 1.7103
-0.7159 -1.0705
-0.5326 -1.0092
0.0772 -0.3191
0.4962 0.9154
-0.6802 -1.5056
-0.4142 -0.8836
0.7341 0.1778
0.4975 1.3112
-0.3573 -3.0E-4
-1.1067 -0.7232
0.0552 0.0798
-0.3311 -0.6551
1.3534 1.3588
-0.0527 -0.3203
1.6017 1.7202
-0.8585 -1.174
1.0109 0.7981
-1.1848 -0.8177
0.4092 0.4387
-0.1578 0.379
-0.3241 -0.1309
-1.5119 -1.8209
-0.594 -1.2431
0.2293 -0.2248
-0.3767 -0.4568
0.0081 0.4126
1.9068 1.4854
0.143 -0.0327
-4.1103 -3.8404
-1.0025 -1.4011
0.9418 1.7043
-1.4192 -1.8706
-1.1059 -0.9138
0.1721 -0.3499
-0.8102 -1.2089
-0.2001 0.2423
-1.261 -0.7961
0.3721 0.8635
-0.6592 -0.5634
1.0474 1.2281
1.4764 1.876
0.25 0.7661
-1.9026 -2.131
-0.0916 -0.419
-1.1579 -0.5652
1.0837 1.1215
1.2077 1.6007
-0.44 -0.8809
0.3132 0.6893
-0.3178 -0.7587
2.0635 2.0635
0.9278 1.1141
2.2368 1.8081
1.1987 0.6079
0.722 1.3597
0.5584 0.6025
-1.9688 -1.864
0.2689 0.0867
-0.7122 -1.0885
0.1691 0.5202
-0.4391 -0.5464
0.1284 -0.4475
-0.1543 -0.2091
0.6638 0.4518
0.5715 0.4678
0.3191 -0.1245
0.6278 0.1226
0.7479 0.9472
-1.2602 -1.555
-1.333 -1.2724
-0.5046 -0.538
1.3915 2.1449
-0.2536 -0.233
-2.0214 -1.9408
-0.3535 0.1741
0.2193 -0.3574
0.0886 -0.7384
0.1033 -0.0705
2.5361 1.6177
-1.3936 -0.9153
-0.4197 -0.2104
1.5918 1.7128
-0.3142 -0.4224
-2.3305 -2.0793
-0.3151 -0.189
1.402 1.1327
0.3974 0.2452
0.9918 0.7464
-1.1699 -1.2531
-1.0891 -1.6102
0.8551 0.922
-1.2485 -1.4705
-1.0858 -1.1312
1.4876 1.5008
-0.0755 -0.262
0.8039 0.8138
-0.0857 -0.716
1.1135 0.7974
0.6656 1.2045
-1.0967 -0.9078
0.8463 0.3635
-0.2509 -0.2035
-1.8445 -1.6054
-0.0258 0.1628
1.6109 1.2648
0.1791 0.0211
-0.4393 -0.9351
0.7976 -0.0872
1.278 1.0138
-1.4763 -2.0472
-0.4162 -0.2464
0.3688 0.2058
0.1092 -0.1838
-1.3983 -1.3402
-1.7469 -2.0674
-1.6211 -1.2566
3.385 2.8807
-0.6446 -1.573
0.8941 0.9278
-1.5163 -0.7657
0.919 0.7028
-1.3792 -2.0608
-0.5891 -0.2389
0.817 1.0376
-0.617 -1.183
0.3913 0.3222
0.7672 0.3745
-1.2418 -1.422
0.0015 0.223
-0.7546 -1.4488
1.9775 1.6069
0.6499 1.5099
-0.6264 0.5023
-1.0102 -0.257
-0.8749 -1.0825
-1.3147 -1.617
0.6255 0.3399
0.582 0.8266
-1.669 -1.4738
2.4901 1.6377
-0.2222 -0.1235
1.4131 1.406
-0.5065 -0.3611
-1.3653 -1.5195
1.6349 1.2699
-0.6279 -0.5918
-0.118 -0.5681
-0.3349 0.0542
0.6924 0.8539
-0.49 0.0214
1.3151 1.7892
0.3198 0.2251
-0.1134 0.5839
-0.9874 -1.4371
-1.6115 -1.6992
-0.7136 -0.0979
-0.7757 -0.838
-1.1716 -1.5651
2.6293 3.0339
0.3444 -0.5926
0.0483 -0.1151
-0.5638 -1.1496
-0.7224 -0.6356
-1.653 -1.3909
-1.8673 -2.0629
2.86 2.5415
1.1597 0.883
0.8349 0.8374
0.3138 1.0063
0.7433 0.37
-0.2285 -0.2724
-0.1565 -0.3464
1.593 1.5686
-1.0945 -1.237
0.5055 0.8199
-0.5418 -0.2323
-2.3702 -2.1387
-0.5096 -0.3982
-1.3769 -1.9985
1.764 1.4436
-1.7262 -1.296
1.3473 1.5926
1.8425 1.8913
-2.5901 -2.1476
0.0799 -0.1249
0.2264 0.0924
-0.485 -1.335
0.9595 1.2337
1.3316 0.7492
1.6596 0.635
2.5517 2.4238
-0.6471 -0.4556
0.6072 0.5805
3.8476 3.9476
-1.5211 -1.8515
0.0874 -0.3251
-1.2521 -1.3176
