-1.1211 1.1754
0.1766 0.2491
-0.3481 0.3782
1.9949 3.9264
-0.9512 0.9007
-0.1841 0.0104
1.3389 0.7428
-0.742 1.6018
-0.6963 1.1746
0.7395 0.923
-1.6464 3.2845
-0.4658 0.2587
-2.8298 9.0949
-0.2467 0.0069
-0.4016 0.2262
-0.2559 0.0099
2.201 5.1314
-0.1325 0.0072
1.2135 1.2206
-0.7487 0.0068
-0.4239 0.1748
0.274 0.004
-2.0342 3.8303
-0.9828 0.975
-2.9384 7.193
1.3147 2.9295
-0.4053 0.0183
0.5444 0.0345
1.2749 0.9853
0.0674 2.0E-4
-0.4455 0.1022
0.4873 0.4617
0.7124 0.5785
-0.5338 0.056
-1.3755 2.214
0.4511 0.0853
-1.4767 1.7348
-0.4718 0.428
-0.1651 0.0205
-0.0561 0.0743
0.3288 0.4598
-2.3108 5.0676
-0.5311 0.1328
-2.3367 4.3366
-0.4955 0.0852
0.3343 0.0148
-1.9507 3.8901
2.1011 3.5189
0.3873 0.1257
-6.0E-4 0.0057
1.5509 4.4984
0.7883 0.342
-0.785 1.6343
-1.246 0.7799
2.1017 2.4022
0.2269 0.1078
0.0267 0.1854
0.3181 0.1212
-0.1043 0.0158
1.3913 0.7673
-1.0832 0.4885
-0.3643 0.0455
0.5659 1.4298
-0.2239 0.2977
-1.0867 1.8878
-0.8654 0.6976
-0.1062 0.0075
-1.093 1.1494
-1.4069 1.866
-1.4692 1.1632
1.3947 1.6329
-0.1774 0.1306
1.3808 0.8023
-0.4233 0.0076
-0.8113 1.6707
0.2442 2.0E-4
-2.4735 4.9638
-0.3684 0.4476
-0.0406 0.0175
1.7189 3.3583
0.9071 0.0732
2.2456 2.9332
3.0549 9.0331
1.3551 1.6633
-0.1202 0.0107
-0.0735 0.0776
-2.3442 4.6963
0.1005 0.1488
-0.9881 0.4567
0.0946 1.7946
0.0566 0.1341
1.5097 2.4396
-1.8238 2.8875
-0.4305 0.0427
-0.1242 0.1338
-0.2895 0.2196
-0.7417 0.2627
0.479 0.0262
2.6636 8.28
-0.7013 0.5624
-1.4543 3.3567
1.0973 1.3988
0.7761 0.6737
0.7811 0.5361
-1.7417 2.4624
-1.7364 4.5786
-2.2011 1.8743
0.1366 0.1549
-1.3821 2.2357
0.234 0.125
1.929 3.6361
0.0555 0.3285
-0.6726 1.0375
-1.6183 1.3711
-2.2447 4.4272
-2.8554 3.3327
-0.1712 0.1383
1.5876 1.3528
2.0565 5.3359
-0.6499 1.3643
0.6088 1.3833
2.9167 8.091
-1.3049 2.1787
-0.2136 0.3942
-1.4223 0.6391
1.2804 1.3297
0.8861 0.3922
-3.3951 6.7185
0.2749 0.1697
-0.6127 1.383
-0.1543 0.4736
-0.1254 0.0048
-0.8268 1.5124
-0.7387 0.5004
-0.4811 0.1241
0.5388 0.2033
-0.5627 0.509
2.0135 3.3634
-0.7428 0.0121
1.8902 2.5209
0.5934 0.0024
-0.7859 1.0E-4
0.2535 0.0054
-0.9238 1.1388
1.6955 1.6544
-3.2033 3.8133
-1.123 0.7715
-1.8187 5.3146
0.7797 1.6974
0.1594 0.15
-0.2448 0.2416
0.2553 0.4527
-0.1011 0.6485
-1.408 3.3817
0.9815 2.4667
0.4925 0.5787
-0.6495 0.1597
-1.5011 0.5709
2.6661 6.3364
1.7926 5.3262
-0.2853 0.5334
-0.0545 0.0846
-0.8008 0.3234
0.6509 0.8906
0.0455 0.0394
-0.4659 0.447
0.0178 0.1615
1.3825 0.0342
-1.5763 0.9399
1.388 1.0799
1.2039 2.5986
-1.2508 0.9717
0.7432 0.0258
-0.2883 0.2653
-1.0633 1.3321
-1.9004 3.0973
-0.4188 0.6794
-0.9266 0.2855
-1.3733 2.1818
-1.1934 1.3405
-0.3488 0.0683
-1.9948 3.452
-0.4076 0.281
-0.0528 0.1942
0.3133 0.0438
-1.0269 0.562
-1.0316 0.2798
0.514 1.9285
1.2402 1.4238
1.1688 2.1193
-1.0853 0.7979
0.3056 0.05
-0.1372 0.0
0.6676 0.3627
0.2861 0.2068
-1.9747 2.641
-1.4313 1.5056
0.9964 1.0721
-0.8974 1.2298
-0.2283 0.0988
1.2682 2.184
1.9126 2.3619
-0.5743 0.7836
-2.9629 7.9825
-1.0185 0.0336
1.1331 1.3818
0.1955 0.0133
0.6997 2.4684
0.368 0.0469
0.1697 0.0103
1.0553 1.6013
-1.0909 0.1797
3.0699 9.0937
1.7324 6.9993
0.975 1.2158
-0.2456 0.1587
-1.5422 2.8812
0.4818 1.0397
2.0043 2.3698
-0.7543 0.7693
0.3123 0.1536
0.2495 0.0015
-0.6443 0.3137
-1.0472 0.423
-2.0408 3.9307
-0.7502 0.8603
1.1401 0.8705
-2.5791 6.5859
1.9147 2.8646
-2.0744 5.3868
0.2122 0.2389
0.3311 0.2068
0.792 0.1884
-0.3198 0.2787
-1.211 1.5908
0.9819 0.9567
0.1051 0.0447
0.8953 0.7899
-0.2137 0.1624
-0.1071 0.4272
-1.2609 0.7748
-2.0769 4.9206
0.411 0.907
1.0428 0.9985
-0.5913 0.6037
-0.5746 1.5774
0.4241 0.7933
-2.2676 3.438
1.3272 1.1122
-0.0757 0.1682
0.3548 3.7887
-0.0131 7.4294
-0.269 5.6801
-0.4831 6.0795
0.6569 5.7669
-0.1783 4.9021
0.0099 5.2778
0.1103 5.6772
0.0613 7.1542
0.5135 6.1023
0.0745 4.2901
0.0159 5.6741
0.0505 5.5313
0.0496 6.1949
0.1596 5.9945
0.2956 5.9852
-0.4138 4.43
-0.8877 6.9745
-0.1559 6.706
-0.513 5.8575
0.0646 7.2413
-0.2812 5.6652
-0.0379 6.2527
-0.3274 5.7133
0.4039 7.2341
-0.0491 5.0513
0.0463 6.725
-0.0535 6.5256
0.1437 6.1948
0.1041 5.7218
0.3552 5.0332
0.2104 5.3536
-0.1982 5.4851
-0.0628 6.0946
0.4724 6.5512
-0.1428 5.5682
0.8557 5.9133
-0.1134 6.7717
-0.1926 7.1786
0.1274 6.905
-0.0199 5.6464
-0.2839 5.0232
0.7596 5.3042
0.0298 5.5329
-0.376 5.1671
0.5783 4.7638
-0.27 5.8503
0.0955 6.1068
-0.4904 4.3362
-0.0942 6.2776
-0.084 4.728
-0.3132 4.9928
0.2947 8.6242
-0.2121 4.6695
0.2505 5.2278
0.0582 5.1578
0.6509 5.5773
-0.0556 5.3142
0.5606 6.3381
0.4021 5.0361
-0.3196 6.0144
0.0497 6.5432
-0.7424 6.2571
0.2544 8.011
0.1162 5.4324
-0.1828 6.5876
0.0097 6.3878
0.6037 6.1849
-0.5007 5.7164
-0.0435 6.0357
0.5755 5.8915
-0.2021 6.2579
-0.052 7.536
0.2808 6.1515
-0.0022 5.4437
-0.6181 7.3267
0.0137 5.5497
-0.4753 6.1228
0.3367 8.2278
-0.4017 6.615
0.8205 6.2574
0.1006 6.8827
0.1583 6.0667
0.6064 7.2402
0.3124 6.7393
0.3616 6.7766
-0.2996 6.6706
0.0807 4.9262
-0.5431 6.2662
0.1339 5.5911
-0.1651 6.4957
-0.0798 5.9715
0.0349 6.0686
-0.4398 5.4612
-0.482 6.9841
0.4478 4.2622
0.0355 4.4485
-0.1513 5.5679
0.375 6.0787
0.0115 6.2432
-0.0418 5.0148
0.7179 5.7432
-0.1435 4.7397
-0.5656 6.537
-0.3146 5.8006
-0.0195 6.5483
-0.1911 7.3963
0.2809 5.9344
0.3575 5.0978
-0.3959 4.7258
0.4751 5.4385
-0.6322 4.5009
0.1236 4.6711
-0.1533 5.2907
-0.0609 6.1153
-0.0722 7.879
-0.1609 5.3554
0.0832 6.6459
0.2864 5.9129
-0.4515 4.6805
0.3346 5.8959
0.1817 5.2478
0.2347 6.4519
-0.3036 5.8123
-0.2838 5.8923
0.1075 6.2025
-0.0226 5.8796
0.4218 5.7629
-0.1619 6.1517
-0.3893 4.808
0.474 6.7485
0.5608 6.3564
0.0861 5.6768
-0.1001 4.7362
0.3777 5.5366
-0.1792 5.5165
0.1541 5.4837
-0.1906 6.0404
0.2512 6.4128
-0.3458 5.8859
0.4154 5.8391
-0.0253 6.7665
0.0203 3.3252
-0.1483 4.6689
0.2757 6.591
0.8863 5.0854
-0.2188 4.6418
0.2233 5.5293
0.1691 3.7004
0.245 4.9023
-0.2837 5.859
-0.6108 5.3832
0.4593 7.4468
0.3325 6.5302
0.5952 8.2975
0.0129 5.3435
-0.1525 5.3671
-0.2004 7.4207
0.1237 5.5709
-0.0213 5.2742
0.0253 6.5657
-0.1605 6.2334
0.2237 6.7251
0.1581 6.0684
-0.569 4.938
0.3974 5.855
0.077 7.7988
0.0281 6.1638
0.3909 5.2644
-0.1648 6.717
-0.057 4.2069
0.2577 8.2974
-0.2647 7.6664
-0.5814 8.3883
0.0309 5.0424
0.1493 5.6392
0.1908 6.717
0.3703 5.8957
0.1206 5.4246
-0.166 6.6179
0.4681 4.7369
-0.1787 4.705
0.2256 5.9343
0.6558 5.439
0.3885 5.5282
0.1176 6.7132
0.1416 6.5466
0.1148 3.465
-0.3901 4.3518
-0.2283 4.3767
-0.0782 6.1853
0.7019 4.8914
-0.1086 5.5488
0.1587 5.6069
1.0117 5.9261
-0.0528 4.4323
0.4571 6.0716
0.1535 5.435
0.1817 5.5452
0.0989 5.5981
-0.2508 5.7812
0.3442 5.7932
0.4646 8.0936
-0.0125 6.9556
0.0391 6.638
0.4393 5.0029
0.2198 5.0529
0.0372 7.811
0.2812 6.0135
-0.0206 6.0111
-0.1158 6.586
0.4156 7.012
-0.7526 5.3956
0.1722 5.8811
0.4217 5.1848
-0.0515 5.9172
-0.0229 6.7607
0.3569 7.0749
0.2146 6.9171
0.0027 6.3752
-0.0473 4.8416
-0.4035 6.198
-0.5341 4.2467
-0.5729 7.4143
0.0997 4.7037
0.3482 6.1844
-0.5229 7.1767
-1.0624 6.5561
0.07 5.6947
0.2084 6.4684
-0.7369 4.6707
0.6321 5.6157
-0.1241 6.4111
-0.2696 4.4212
-0.0816 5.9879
-0.6001 6.7923
0.1386 7.0119
-0.2633 5.3231
0.2163 5.5068
0.4788 5.5254
-1.1304 5.3159
-0.1962 5.9897
0.5922 5.6009
-0.2723 5.795
-0.1049 6.0395
0.0284 6.4191
0.3921 5.2266
-0.0825 6.0493
0.2914 4.6084
0.3345 4.9932
